{
  "advancedEditorSelectedIdentifier" : "ProjectBrowser",
  "openSceneRelativePaths" : [
    "Immersive.usda"
  ],
  "recentIdentifiers" : {
    "AF09ED6F-1707-48FD-8720-65B998362C09" : [

    ]
  },
  "sceneCameraHistory" : {
    "AF09ED6F-1707-48FD-8720-65B998362C09" : [
      {
        "date" : 732996408.487016,
        "title" : "Untitled",
        "transform" : [
          0.9998133,
          -1.9410512e-05,
          -0.019321594,
          0,
          -0.0071075954,
          0.9295122,
          -0.36872286,
          0,
          0.017966822,
          0.36879146,
          0.92933846,
          0,
          0.0017308727,
          2.065257,
          -0.18471059,
          1
        ]
      },
      {
        "date" : 732996406.583713,
        "title" : "Untitled",
        "transform" : [
          0.9998133,
          -1.9410512e-05,
          -0.019321594,
          0,
          -0.0071075954,
          0.9295122,
          -0.36872286,
          0,
          0.017966822,
          0.36879146,
          0.92933846,
          0,
          0.00077224965,
          2.04558,
          -0.2342956,
          1
        ]
      },
      {
        "date" : 732996396.236675,
        "title" : "Untitled",
        "transform" : [
          0.9998133,
          -1.9410512e-05,
          -0.019321594,
          0,
          -0.0071075954,
          0.9295122,
          -0.36872286,
          0,
          0.017966822,
          0.36879146,
          0.92933846,
          0,
          0.13882892,
          2.3845396,
          0.4037094,
          1
        ]
      },
      {
        "date" : 732996189.253004,
        "title" : "Untitled",
        "transform" : [
          0.9998133,
          -1.9410512e-05,
          -0.019321594,
          0,
          -0.0071075954,
          0.9295122,
          -0.36872286,
          0,
          0.017966822,
          0.36879146,
          0.92933846,
          0,
          -0.03526134,
          2.1327868,
          0.50697845,
          1
        ]
      },
      {
        "date" : 732996179.73671,
        "title" : "Untitled",
        "transform" : [
          0.9998133,
          -1.9410512e-05,
          -0.019321594,
          0,
          -0.0071075954,
          0.9295122,
          -0.36872286,
          0,
          0.017966822,
          0.36879146,
          0.92933846,
          0,
          -0.14044696,
          2.6341252,
          0.6750164,
          1
        ]
      },
      {
        "date" : 732995304.471287,
        "title" : "Untitled",
        "transform" : [
          0.99978834,
          -1.9410512e-05,
          -0.020572565,
          0,
          -0.007568944,
          0.9295122,
          -0.36871368,
          0,
          0.019129615,
          0.36879146,
          0.92931527,
          0,
          -0.16550697,
          2.2236602,
          0.8533701,
          1
        ]
      },
      {
        "date" : 732995246.473334,
        "title" : "Untitled",
        "transform" : [
          0.99978834,
          -1.9410512e-05,
          -0.020572565,
          0,
          -0.007568944,
          0.9295122,
          -0.36871368,
          0,
          0.019129615,
          0.36879146,
          0.92931527,
          0,
          -0.1567387,
          2.1058545,
          0.80816007,
          1
        ]
      },
      {
        "date" : 732995196.892373,
        "title" : "Untitled",
        "transform" : [
          0.99978834,
          -1.9410512e-05,
          -0.020572565,
          0,
          -0.007568944,
          0.9295122,
          -0.36871368,
          0,
          0.019129615,
          0.36879146,
          0.92931527,
          0,
          -0.4422009,
          2.0658207,
          0.9621277,
          1
        ]
      },
      {
        "date" : 732994920.584106,
        "title" : "Untitled",
        "transform" : [
          0.99978834,
          -1.9410512e-05,
          -0.020572565,
          0,
          -0.007568944,
          0.9295122,
          -0.36871368,
          0,
          0.019129615,
          0.36879146,
          0.92931527,
          0,
          -0.3349197,
          2.4924126,
          0.79062974,
          1
        ]
      },
      {
        "date" : 732994886.919438,
        "title" : "Untitled",
        "transform" : [
          0.9998397,
          -1.9410512e-05,
          -0.017902773,
          0,
          -0.0065843468,
          0.9295122,
          -0.36873257,
          0,
          0.016648011,
          0.36879146,
          0.9293631,
          0,
          0.049263693,
          2.182827,
          1.1334586,
          1
        ]
      }
    ]
  }
}